[2] Preparing dataset...
Preparing LARGE dataset with imbalance...
Total healthy: 1500, Total leukemia: 1500

DATASET SPLIT SUMMARY:
  INITIAL TRAINING: 1000 healthy images (1000)
  FOR SLOW ADDITION: 150 leukemia images (150)
  EVALUATION SET: 750 images (500 healthy + 250 leukemia)
  Imbalance ratio: 33.3% leukemia
  Addition starts AFTER epoch 30
  VERY SLOW addition rate

[3] Creating model...
  Model Parameters: 26,471,889
  Bottleneck: 256 dimensions
  Architecture: 5-layer encoder -> bottleneck -> 6-layer decoder

================================================================================
[4] PURE ANOMALY DETECTION TRAINING (100 epochs)
================================================================================

PURE ANOMALY DETECTION TRAINING:
Initial training: 1000 healthy images (0% anomalies)
Available for SLOW addition: 150 leukemia images
Batch size: 32
Addition starts AFTER epoch 30
NO validation during training
Epoch  |  Train Loss  | Train Size | Anomalies  |  Time (s)
----------------------------------------------------------------------
  1    |   5.163658   |    1000    |     0      |   49.73   
  2    |   2.756130   |    1000    |     0      |   49.48   
  3    |   1.338812   |    1000    |     0      |   49.02   
  4    |   0.742386   |    1000    |     0      |   48.59   
  5    |   0.590241   |    1000    |     0      |   50.05   
  6    |   0.534679   |    1000    |     0      |   50.09   
  7    |   0.483020   |    1000    |     0      |   50.02   
  8    |   0.427128   |    1000    |     0      |   50.11   
  9    |   0.394438   |    1000    |     0      |   50.07   
  10   |   0.355296   |    1000    |     0      |   49.82   
  11   |   0.317120   |    1000    |     0      |   49.91   
  12   |   0.286693   |    1000    |     0      |   49.93   
  13   |   0.275047   |    1000    |     0      |   50.02   
  14   |   0.243641   |    1000    |     0      |   49.91   
  15   |   0.236121   |    1000    |     0      |   50.04   
  16   |   0.236871   |    1000    |     0      |   50.11   
  17   |   0.229920   |    1000    |     0      |   49.93   
  18   |   0.216912   |    1000    |     0      |   49.86   
  19   |   0.217664   |    1000    |     0      |   49.81   
  20   |   0.213827   |    1000    |     0      |   49.93   
  21   |   0.222528   |    1000    |     0      |   50.12   
  22   |   0.214021   |    1000    |     0      |   50.01   
  23   |   0.200154   |    1000    |     0      |   50.05   
  24   |   0.198471   |    1000    |     0      |   49.99   
  25   |   0.194675   |    1000    |     0      |   50.16   
  26   |   0.192180   |    1000    |     0      |   49.83   
  27   |   0.188627   |    1000    |     0      |   50.02   
  28   |   0.209978   |    1000    |     0      |   49.85   
  29   |   0.192374   |    1000    |     0      |   49.86   
  30   |   0.210356   |    1000    |     0      |   49.98   
Epoch 30: Added 1 leukemia | Total anomalies: 1 (0.10%)
  31   |   0.192928   |    1001    |     1      |   56.39   
  32   |   0.189600   |    1001    |     1      |   56.17   
  33   |   0.169137   |    1001    |     1      |   56.20   
  34   |   0.176539   |    1001    |     1      |   51.21   
  35   |   0.175510   |    1001    |     1      |   49.96   
  36   |   0.170679   |    1002    |     2      |   50.18   
  37   |   0.175391   |    1002    |     2      |   50.05   
  38   |   0.165368   |    1002    |     2      |   50.04   
  39   |   0.158942   |    1002    |     2      |   50.17   
  40   |   0.163598   |    1002    |     2      |   50.07   
Epoch 40: Added 1 leukemia | Total anomalies: 3 (0.30%)
  41   |   0.158184   |    1003    |     3      |   50.35   
  42   |   0.159752   |    1003    |     3      |   50.22   
  43   |   0.149837   |    1003    |     3      |   50.04   
  44   |   0.150997   |    1003    |     3      |   50.06   
  45   |   0.154961   |    1003    |     3      |   50.04   
  46   |   0.152159   |    1004    |     4      |   50.22   
  47   |   0.153512   |    1004    |     4      |   50.10   
  48   |   0.144873   |    1004    |     4      |   50.12   
  49   |   0.144195   |    1004    |     4      |   50.15   
  50   |   0.151909   |    1004    |     4      |   50.01   
Epoch 50: Added 1 leukemia | Total anomalies: 5 (0.50%)
  51   |   0.145404   |    1005    |     5      |   50.38   
  52   |   0.148797   |    1005    |     5      |   50.44   
  53   |   0.151672   |    1005    |     5      |   50.23   
  54   |   0.144620   |    1005    |     5      |   50.13   
  55   |   0.144156   |    1005    |     5      |   50.15   
  56   |   0.146568   |    1006    |     6      |   50.44   
  57   |   0.143877   |    1006    |     6      |   50.41   
  58   |   0.141705   |    1006    |     6      |   50.18   
  59   |   0.136900   |    1006    |     6      |   50.15   
  60   |   0.162922   |    1006    |     6      |   50.33   
Epoch 60: Added 1 leukemia | Total anomalies: 7 (0.70%)
  61   |   0.146671   |    1007    |     7      |   50.63   
  62   |   0.147993   |    1007    |     7      |   50.28   
  63   |   0.139272   |    1007    |     7      |   50.26   
  64   |   0.137998   |    1007    |     7      |   50.22   
  65   |   0.145826   |    1007    |     7      |   50.28   
  66   |   0.133946   |    1008    |     8      |   50.56   
  67   |   0.131474   |    1008    |     8      |   50.20   
  68   |   0.131692   |    1008    |     8      |   50.24   
  69   |   0.130794   |    1008    |     8      |   50.22   
  70   |   0.130675   |    1008    |     8      |   50.48   
Epoch 70: Added 1 leukemia | Total anomalies: 9 (0.89%)
  71   |   0.131018   |    1009    |     9      |   50.60   
  72   |   0.136379   |    1009    |     9      |   50.46   
  73   |   0.131334   |    1009    |     9      |   50.42   
  74   |   0.129754   |    1009    |     9      |   50.43   
  75   |   0.135152   |    1009    |     9      |   50.42   
  76   |   0.130247   |    1010    |     10     |   50.39   
  77   |   0.126992   |    1010    |     10     |   50.26   
  78   |   0.123443   |    1010    |     10     |   50.38   
  79   |   0.124163   |    1010    |     10     |   50.40   
  80   |   0.122185   |    1010    |     10     |   50.59   
Epoch 80: Added 1 leukemia | Total anomalies: 11 (1.09%)
  81   |   0.125069   |    1011    |     11     |   50.61   
  82   |   0.122148   |    1011    |     11     |   50.55   
  83   |   0.126088   |    1011    |     11     |   50.30   
  84   |   0.122323   |    1011    |     11     |   50.41   
  85   |   0.120480   |    1011    |     11     |   50.41   
  86   |   0.121747   |    1012    |     12     |   50.70   
  87   |   0.120204   |    1012    |     12     |   50.56   
  88   |   0.120358   |    1012    |     12     |   50.69   
  89   |   0.127170   |    1012    |     12     |   50.45   
  90   |   0.119602   |    1012    |     12     |   50.41   
Epoch 90: Added 1 leukemia | Total anomalies: 13 (1.28%)
  91   |   0.118910   |    1013    |     13     |   50.63   
  92   |   0.117454   |    1013    |     13     |   50.46   
  93   |   0.118530   |    1013    |     13     |   50.47   
  94   |   0.116269   |    1013    |     13     |   50.49   
  95   |   0.118346   |    1013    |     13     |   50.65   
  96   |   0.117860   |    1014    |     14     |   50.58   
  97   |   0.119463   |    1014    |     14     |   50.61   
  98   |   0.116830   |    1014    |     14     |   50.58   
  99   |   0.114507   |    1014    |     14     |   50.33   
 100   |   0.113664   |    1014    |     14     |   50.43   

TRAINING COMPLETED:
  Final training set: 1014 images
  Leukemia anomalies added: 14
  Final anomaly ratio: 1.38%
  Final training loss: 0.113664

================================================================================
[5] COMPREHENSIVE EVALUATION (AFTER TRAINING)
================================================================================

================================================================================
COMPREHENSIVE EVALUATION (AFTER TRAINING)
================================================================================

[6] Performing comprehensive analysis...

Performing comprehensive performance analysis...

ERROR STATISTICS:
Healthy (n=500):
  Mean: 0.001905 | Std: 0.000831
  Min: 0.001132 | Max: 0.007240
  95th percentile: 0.003588
  99th percentile: 0.005224

Leukemia (n=250):
  Mean: 0.002474 | Std: 0.000917
  Min: 0.001210 | Max: 0.006782

SEPARATION ANALYSIS:
  Absolute separation: 0.000569
  Separation ratio: 0.6844σ
  Error ratio (Leukemia/Healthy): 1.2987x

THRESHOLD ANALYSIS:
Threshold       Value        Accuracy   Precision  Recall     F1         TP     FP     TN     FN
-----------------------------------------------------------------------------------------------
optimal         0.001947     0.6813     0.5161     0.7040     0.5956     176    165    335    74
p90             0.003006     0.6707     0.5146     0.2120     0.3003     53     50     450    197
p95             0.003588     0.6627     0.4681     0.0880     0.1481     22     25     475    228
p99             0.005224     0.6653     0.4444     0.0160     0.0309     4      5      495    246   
mean+1std       0.002736     0.6800     0.5347     0.3080     0.3909     77     67     433    173
mean+2std       0.003567     0.6627     0.4706     0.0960     0.1595     24     27     473    226
mean+3std       0.004398     0.6667     0.5000     0.0400     0.0741     10     10     490    240   

DETAILED CLASSIFICATION REPORT (Best threshold: optimal = 0.001947):
              precision    recall  f1-score   support

     Healthy     0.8191    0.6700    0.7371       500
    Leukemia     0.5161    0.7040    0.5956       250

    accuracy                         0.6813       750
   macro avg     0.6676    0.6870    0.6663       750
weighted avg     0.7181    0.6813    0.6899       750